1 9.838475e-01 3.993464e-06 3.998692e-06
2 9.721014e-01 5.005281e-06 6.100368e-06
3 8.992600e-01 1.711582e-05 2.051108e-05
4 7.819680e-01 3.656340e-05 4.086503e-05
5 6.591560e-01 5.756862e-05 6.213683e-05
6 5.485421e-01 7.788237e-05 8.242229e-05
7 4.517202e-01 9.674320e-05 1.010968e-04
8 3.737057e-01 1.138792e-04 1.180328e-04
9 3.095196e-01 1.294644e-04 1.333885e-04
10 2.578866e-01 1.436313e-04 1.473415e-04
11 2.160911e-01 1.565491e-04 1.600594e-04
12 1.837337e-01 1.683815e-04 1.717119e-04
13 1.565776e-01 1.792881e-04 1.824424e-04
14 1.335574e-01 1.893133e-04 1.923164e-04
15 1.137532e-01 1.986010e-04 2.014670e-04
16 9.877091e-02 2.072327e-04 2.099742e-04
17 8.515249e-02 2.153027e-04 2.179352e-04
18 7.431020e-02 2.228812e-04 2.254126e-04
19 6.479143e-02 2.300233e-04 2.324588e-04
20 5.696335e-02 2.367519e-04 2.391014e-04
