1 9.649661e-01 1.598635e-04 7.879988e-04
2 9.397481e-01 2.290022e-04 1.014477e-03
3 8.428815e-01 3.799405e-04 1.220656e-03
4 7.089616e-01 5.597570e-04 1.346499e-03
5 5.858838e-01 7.365347e-04 1.455518e-03
6 4.780676e-01 9.037891e-04 1.569813e-03
7 3.916789e-01 1.053203e-03 1.669829e-03
8 3.241769e-01 1.188730e-03 1.764996e-03
9 2.714648e-01 1.312655e-03 1.859276e-03
10 2.298429e-01 1.422959e-03 1.940345e-03
11 1.975072e-01 1.523535e-03 2.014745e-03
12 1.693344e-01 1.616492e-03 2.085396e-03
13 1.457799e-01 1.702014e-03 2.150823e-03
14 1.282340e-01 1.781515e-03 2.213415e-03
15 1.123848e-01 1.855789e-03 2.273101e-03
16 1.001192e-01 1.925313e-03 2.329823e-03
17 8.940956e-02 1.990812e-03 2.384327e-03
18 8.110837e-02 2.052886e-03 2.436932e-03
19 7.344446e-02 2.111684e-03 2.486542e-03
20 6.599573e-02 2.167549e-03 2.534220e-03
