1 9.782332e-01 7.702814e-05 7.975041e-05
2 9.607866e-01 1.213234e-04 1.864650e-04
3 8.851489e-01 3.377142e-04 4.882754e-04
4 7.637595e-01 6.808940e-04 8.654091e-04
5 6.457219e-01 1.044847e-03 1.235077e-03
6 5.380133e-01 1.397276e-03 1.583520e-03
7 4.477596e-01 1.724907e-03 1.904023e-03
8 3.772698e-01 2.025201e-03 2.196864e-03
9 3.184745e-01 2.301754e-03 2.465796e-03
10 2.701654e-01 2.556319e-03 2.713179e-03
11 2.347839e-01 2.789519e-03 2.940197e-03
12 2.035324e-01 3.006328e-03 3.151172e-03
13 1.780991e-01 3.208007e-03 3.347522e-03
14 1.570937e-01 3.394455e-03 3.529344e-03
15 1.410706e-01 3.568279e-03 3.699203e-03
16 1.241703e-01 3.732613e-03 3.859697e-03
17 1.122606e-01 3.887140e-03 4.010818e-03
18 1.019069e-01 4.033116e-03 4.153554e-03
19 9.218215e-02 4.170860e-03 4.288391e-03
20 8.353335e-02 4.301154e-03 4.416092e-03
