1 9.817104e-01 3.609987e-05 3.697049e-05
2 9.570183e-01 6.390361e-05 9.335445e-05
3 8.536596e-01 2.002181e-04 2.542703e-04
4 7.175477e-01 3.851564e-04 4.456957e-04
5 5.874093e-01 5.721226e-04 6.327031e-04
6 4.800051e-01 7.467264e-04 8.052959e-04
7 3.895607e-01 9.053574e-04 9.614203e-04
8 3.187690e-01 1.048255e-03 1.101392e-03
9 2.623277e-01 1.176720e-03 1.227267e-03
10 2.167466e-01 1.292345e-03 1.340671e-03
11 1.815535e-01 1.397645e-03 1.444173e-03
12 1.529356e-01 1.494228e-03 1.539105e-03
13 1.291577e-01 1.582917e-03 1.626364e-03
14 1.101434e-01 1.665021e-03 1.707316e-03
15 9.483223e-02 1.741083e-03 1.782460e-03
16 8.204743e-02 1.812218e-03 1.852795e-03
17 7.153637e-02 1.878735e-03 1.918656e-03
18 6.262424e-02 1.941359e-03 1.980744e-03
19 5.500854e-02 1.999991e-03 2.038932e-03
20 4.825381e-02 2.055186e-03 2.093808e-03
