1 9.118282e-01 2.435232e-03 9.559621e-03
2 8.935809e-01 2.510977e-03 9.778137e-03
3 8.080628e-01 2.678465e-03 1.004306e-02
4 6.844653e-01 2.850492e-03 1.015330e-02
5 5.657476e-01 3.018395e-03 1.022751e-02
6 4.617853e-01 3.176473e-03 1.029855e-02
7 3.800535e-01 3.315410e-03 1.034470e-02
8 3.150199e-01 3.440204e-03 1.038336e-02
9 2.629258e-01 3.553294e-03 1.041722e-02
10 2.220236e-01 3.655418e-03 1.044649e-02
11 1.899257e-01 3.749634e-03 1.047558e-02
12 1.638182e-01 3.837050e-03 1.050573e-02
13 1.418200e-01 3.917059e-03 1.053246e-02
14 1.244881e-01 3.991089e-03 1.055659e-02
15 1.104892e-01 4.060389e-03 1.057959e-02
16 9.879049e-02 4.125008e-03 1.060088e-02
17 8.729670e-02 4.186279e-03 1.062256e-02
18 7.843281e-02 4.244380e-03 1.064416e-02
19 7.044792e-02 4.299759e-03 1.066569e-02
20 6.386954e-02 4.352211e-03 1.068655e-02
