1 9.782593e-01 6.913357e-06 2.214463e-05
2 9.743815e-01 1.122744e-05 7.656209e-05
3 9.457131e-01 1.841620e-05 1.188411e-04
4 8.726788e-01 3.457415e-05 1.479625e-04
5 7.783219e-01 5.501539e-05 1.694104e-04
6 6.798606e-01 7.659468e-05 1.880765e-04
7 5.908782e-01 9.795714e-05 2.051340e-04
8 5.059920e-01 1.183717e-04 2.212747e-04
9 4.383107e-01 1.375336e-04 2.365555e-04
10 3.813271e-01 1.555489e-04 2.514793e-04
11 3.335931e-01 1.723362e-04 2.650925e-04
12 2.917999e-01 1.879999e-04 2.781286e-04
13 2.580348e-01 2.026341e-04 2.904370e-04
14 2.293933e-01 2.163788e-04 3.019987e-04
15 2.062369e-01 2.292950e-04 3.131200e-04
16 1.855641e-01 2.414291e-04 3.235672e-04
17 1.666819e-01 2.528817e-04 3.335464e-04
18 1.510277e-01 2.637098e-04 3.430654e-04
19 1.371533e-01 2.739860e-04 3.521602e-04
20 1.258596e-01 2.837502e-04 3.608233e-04
