1 9.829202e-01 5.981407e-05 6.012566e-05
2 9.632583e-01 9.015039e-05 1.217200e-04
3 8.719706e-01 2.881749e-04 3.654100e-04
4 7.429010e-01 5.748108e-04 6.678790e-04
5 6.172028e-01 8.714669e-04 9.687998e-04
6 5.065607e-01 1.152315e-03 1.248875e-03
7 4.142612e-01 1.409818e-03 1.503038e-03
8 3.393086e-01 1.642585e-03 1.731873e-03
9 2.820873e-01 1.852625e-03 1.937919e-03
10 2.362998e-01 2.043025e-03 2.124700e-03
11 1.976153e-01 2.217030e-03 2.295362e-03
12 1.667382e-01 2.375047e-03 2.450298e-03
13 1.415435e-01 2.520238e-03 2.592700e-03
14 1.223672e-01 2.654328e-03 2.724240e-03
15 1.064288e-01 2.778407e-03 2.846019e-03
16 9.232787e-02 2.894038e-03 2.959646e-03
17 8.075248e-02 3.001757e-03 3.065507e-03
18 7.097007e-02 3.103291e-03 3.165479e-03
19 6.318704e-02 3.199011e-03 3.259737e-03
20 5.614062e-02 3.289683e-03 3.349095e-03
