1 9.870632e-01 8.903883e-06 8.908216e-06
2 9.793947e-01 9.720480e-06 1.087965e-05
3 9.290605e-01 2.975589e-05 3.602156e-05
4 8.321569e-01 6.947157e-05 7.809284e-05
5 7.233883e-01 1.155706e-04 1.252498e-04
6 6.154589e-01 1.623590e-04 1.722519e-04
7 5.205479e-01 2.068512e-04 2.165765e-04
8 4.418947e-01 2.483630e-04 2.577015e-04
9 3.718579e-01 2.867125e-04 2.955752e-04
10 3.158267e-01 3.218377e-04 3.301914e-04
11 2.671831e-01 3.541490e-04 3.620157e-04
12 2.288619e-01 3.838288e-04 3.912549e-04
13 1.957425e-01 4.111551e-04 4.181964e-04
14 1.678099e-01 4.364478e-04 4.431391e-04
15 1.451607e-01 4.599683e-04 4.663329e-04
16 1.255789e-01 4.819512e-04 4.880156e-04
17 1.091309e-01 5.024494e-04 5.082572e-04
18 9.633302e-02 5.216786e-04 5.272430e-04
19 8.537675e-02 5.397129e-04 5.450579e-04
20 7.548320e-02 5.568165e-04 5.619521e-04
