1 9.876447e-01 7.617266e-06 7.621816e-06
2 9.813262e-01 8.173915e-06 8.978756e-06
3 9.341857e-01 2.463450e-05 2.976058e-05
4 8.388355e-01 5.864497e-05 6.589018e-05
5 7.307031e-01 9.860159e-05 1.067948e-04
6 6.256268e-01 1.394350e-04 1.479294e-04
7 5.299338e-01 1.785451e-04 1.868946e-04
8 4.478976e-01 2.151005e-04 2.231197e-04
9 3.776414e-01 2.488974e-04 2.565312e-04
10 3.210100e-01 2.798352e-04 2.870752e-04
11 2.740177e-01 3.082801e-04 3.151367e-04
12 2.334484e-01 3.344143e-04 3.409036e-04
13 2.004788e-01 3.585762e-04 3.647306e-04
14 1.728835e-01 3.808631e-04 3.867065e-04
15 1.502385e-01 4.016980e-04 4.072661e-04
16 1.317303e-01 4.211878e-04 4.264866e-04
17 1.153312e-01 4.394586e-04 4.445019e-04
18 1.009860e-01 4.566110e-04 4.614237e-04
19 8.927275e-02 4.726790e-04 4.772896e-04
20 7.924154e-02 4.878750e-04 4.922996e-04
