1 9.123224e-01 2.433184e-03 9.525564e-03
2 8.951119e-01 2.555040e-03 9.907535e-03
3 8.117283e-01 2.715549e-03 1.013206e-02
4 6.909927e-01 2.902019e-03 1.026902e-02
5 5.691370e-01 3.082784e-03 1.036167e-02
6 4.660929e-01 3.245326e-03 1.042424e-02
7 3.842114e-01 3.391593e-03 1.046990e-02
8 3.182554e-01 3.524026e-03 1.050779e-02
9 2.663448e-01 3.642706e-03 1.054414e-02
10 2.248496e-01 3.752731e-03 1.058542e-02
11 1.914247e-01 3.855990e-03 1.063128e-02
12 1.658816e-01 3.949145e-03 1.066703e-02
13 1.434955e-01 4.035663e-03 1.070168e-02
14 1.265750e-01 4.116740e-03 1.073530e-02
15 1.105478e-01 4.191876e-03 1.076613e-02
16 9.816117e-02 4.261714e-03 1.079335e-02
17 8.729798e-02 4.326936e-03 1.081755e-02
18 7.877887e-02 4.388067e-03 1.083968e-02
19 7.017158e-02 4.446123e-03 1.086179e-02
20 6.339566e-02 4.501586e-03 1.088456e-02
