1 9.824152e-01 6.539605e-05 6.559866e-05
2 9.661183e-01 9.296699e-05 1.286984e-04
3 8.856822e-01 2.782119e-04 3.746966e-04
4 7.631286e-01 5.708464e-04 6.902050e-04
5 6.390087e-01 8.843196e-04 1.010798e-03
6 5.309345e-01 1.186173e-03 1.311977e-03
7 4.411819e-01 1.466967e-03 1.588779e-03
8 3.669894e-01 1.722675e-03 1.839708e-03
9 3.107910e-01 1.957908e-03 2.069698e-03
10 2.650825e-01 2.173702e-03 2.280593e-03
11 2.259668e-01 2.370998e-03 2.473404e-03
12 1.963695e-01 2.552529e-03 2.651138e-03
13 1.720826e-01 2.722381e-03 2.817331e-03
14 1.523910e-01 2.880070e-03 2.971476e-03
15 1.353192e-01 3.026905e-03 3.115112e-03
16 1.207525e-01 3.164963e-03 3.250408e-03
17 1.077849e-01 3.296037e-03 3.378943e-03
18 9.684761e-02 3.419801e-03 3.500384e-03
19 8.801153e-02 3.536649e-03 3.615100e-03
20 7.964481e-02 3.647384e-03 3.723923e-03
