1 9.807214e-01 3.601763e-05 3.683680e-05
2 9.551326e-01 6.065599e-05 8.963374e-05
3 8.441884e-01 1.914906e-04 2.483026e-04
4 7.019734e-01 3.678088e-04 4.339373e-04
5 5.688706e-01 5.443320e-04 6.127334e-04
6 4.588891e-01 7.072635e-04 7.749912e-04
7 3.745692e-01 8.551678e-04 9.214131e-04
8 3.071117e-01 9.887444e-04 1.053234e-03
9 2.569183e-01 1.109222e-03 1.172032e-03
10 2.162281e-01 1.219244e-03 1.280422e-03
11 1.843317e-01 1.319761e-03 1.379589e-03
12 1.587106e-01 1.412429e-03 1.471176e-03
13 1.377870e-01 1.498001e-03 1.555807e-03
14 1.202774e-01 1.577651e-03 1.634544e-03
15 1.058879e-01 1.651738e-03 1.707958e-03
16 9.385534e-02 1.721257e-03 1.776939e-03
17 8.341109e-02 1.786607e-03 1.841791e-03
18 7.449586e-02 1.848505e-03 1.903238e-03
19 6.743594e-02 1.906978e-03 1.961328e-03
20 6.049198e-02 1.962791e-03 2.016755e-03
