1 9.745899e-01 5.272300e-05 1.777784e-04
2 9.568167e-01 8.141328e-05 2.574540e-04
3 8.636562e-01 2.032729e-04 3.967849e-04
4 7.376966e-01 3.741450e-04 5.384792e-04
5 6.145637e-01 5.519540e-04 6.987953e-04
6 5.067542e-01 7.237493e-04 8.706873e-04
7 4.145161e-01 8.783920e-04 1.012780e-03
8 3.400908e-01 1.017363e-03 1.140170e-03
9 2.813957e-01 1.142353e-03 1.256561e-03
10 2.338782e-01 1.256191e-03 1.364772e-03
11 1.928074e-01 1.358553e-03 1.461278e-03
12 1.660782e-01 1.451976e-03 1.549547e-03
13 1.400036e-01 1.538481e-03 1.631887e-03
14 1.215262e-01 1.618883e-03 1.709554e-03
15 1.046655e-01 1.693202e-03 1.780990e-03
16 9.087934e-02 1.762008e-03 1.847150e-03
17 7.888838e-02 1.826544e-03 1.909586e-03
18 6.852399e-02 1.886778e-03 1.967699e-03
19 5.994486e-02 1.942977e-03 2.021573e-03
20 5.352786e-02 1.995656e-03 2.072064e-03
