1 9.816347e-01 6.750048e-05 5.102040e-04
2 9.631040e-01 9.309003e-05 6.031905e-04
3 8.844454e-01 2.155527e-04 6.832420e-04
4 7.660603e-01 4.061696e-04 7.958259e-04
5 6.479400e-01 6.085358e-04 9.385548e-04
6 5.376161e-01 8.036624e-04 1.087754e-03
7 4.461954e-01 9.831158e-04 1.234234e-03
8 3.706818e-01 1.147687e-03 1.373421e-03
9 3.083360e-01 1.298442e-03 1.505239e-03
10 2.587191e-01 1.434429e-03 1.626420e-03
11 2.166918e-01 1.557417e-03 1.737004e-03
12 1.842898e-01 1.670443e-03 1.839858e-03
13 1.584924e-01 1.774252e-03 1.935589e-03
14 1.366179e-01 1.870213e-03 2.024261e-03
15 1.184679e-01 1.959627e-03 2.107281e-03
16 1.031980e-01 2.043307e-03 2.185323e-03
17 8.912817e-02 2.121282e-03 2.258418e-03
18 7.788886e-02 2.194129e-03 2.326807e-03
19 6.909109e-02 2.262618e-03 2.391490e-03
20 6.142718e-02 2.326794e-03 2.452228e-03
