1 9.839553e-01 3.674973e-06 3.681648e-06
2 9.731523e-01 4.530987e-06 5.525318e-06
3 9.006923e-01 1.557833e-05 1.870570e-05
4 7.846424e-01 3.355665e-05 3.753044e-05
5 6.631636e-01 5.308845e-05 5.734835e-05
6 5.538678e-01 7.203729e-05 7.628548e-05
7 4.610023e-01 8.975007e-05 9.384971e-05
8 3.815752e-01 1.059081e-04 1.098133e-04
9 3.163538e-01 1.205970e-04 1.242883e-04
10 2.642846e-01 1.339113e-04 1.373944e-04
11 2.223980e-01 1.460524e-04 1.493460e-04
12 1.867480e-01 1.571772e-04 1.602963e-04
13 1.590303e-01 1.673956e-04 1.703677e-04
14 1.359231e-01 1.768436e-04 1.796784e-04
15 1.167620e-01 1.855415e-04 1.882550e-04
16 1.007907e-01 1.936510e-04 1.962533e-04
17 8.727508e-02 2.012017e-04 2.037075e-04
18 7.604634e-02 2.083266e-04 2.107352e-04
19 6.699434e-02 2.150130e-04 2.173379e-04
20 5.902520e-02 2.213128e-04 2.235666e-04
