1 9.823556e-01 3.129606e-05 3.178071e-05
2 9.579811e-01 5.466673e-05 7.815556e-05
3 8.603406e-01 1.722239e-04 2.186299e-04
4 7.285650e-01 3.347856e-04 3.870242e-04
5 6.013332e-01 5.012484e-04 5.534541e-04
6 4.947583e-01 6.575897e-04 7.078735e-04
7 4.029114e-01 8.003947e-04 8.480111e-04
8 3.296240e-01 9.296105e-04 9.744988e-04
9 2.736356e-01 1.045645e-03 1.088059e-03
10 2.266670e-01 1.151327e-03 1.191640e-03
11 1.901854e-01 1.247546e-03 1.285947e-03
12 1.611318e-01 1.335476e-03 1.372310e-03
13 1.363442e-01 1.416568e-03 1.452108e-03
14 1.171295e-01 1.491320e-03 1.525694e-03
15 1.008240e-01 1.560683e-03 1.593991e-03
16 8.750970e-02 1.625457e-03 1.657832e-03
17 7.595451e-02 1.685854e-03 1.717481e-03
18 6.671035e-02 1.742234e-03 1.773217e-03
19 5.847749e-02 1.795242e-03 1.825724e-03
20 5.133784e-02 1.845432e-03 1.875454e-03
