1 9.806672e-01 6.852253e-05 6.857902e-05
2 9.705181e-01 8.076378e-05 9.601064e-05
3 8.949507e-01 2.589205e-04 3.086513e-04
4 7.716300e-01 5.477867e-04 6.103900e-04
5 6.418549e-01 8.558464e-04 9.222238e-04
6 5.325600e-01 1.151072e-03 1.217332e-03
7 4.388375e-01 1.424782e-03 1.488693e-03
8 3.613091e-01 1.673484e-03 1.734408e-03
9 2.980743e-01 1.898574e-03 1.956107e-03
10 2.488602e-01 2.102510e-03 2.156784e-03
11 2.090473e-01 2.289134e-03 2.340511e-03
12 1.762497e-01 2.460514e-03 2.509077e-03
13 1.507809e-01 2.616838e-03 2.662689e-03
14 1.299368e-01 2.760536e-03 2.804191e-03
15 1.116502e-01 2.893468e-03 2.935028e-03
16 9.632550e-02 3.017041e-03 3.056835e-03
17 8.458934e-02 3.132881e-03 3.171004e-03
18 7.418246e-02 3.241364e-03 3.277893e-03
19 6.561537e-02 3.343675e-03 3.378757e-03
20 5.871114e-02 3.439950e-03 3.473696e-03
