1 9.840182e-01 4.054246e-05 4.133256e-05
2 9.663331e-01 6.725628e-05 1.041053e-04
3 8.771241e-01 2.277913e-04 2.914857e-04
4 7.486631e-01 4.573983e-04 5.300226e-04
5 6.219864e-01 6.963549e-04 7.704677e-04
6 5.103361e-01 9.235182e-04 9.968697e-04
7 4.196715e-01 1.131321e-03 1.202280e-03
8 3.456760e-01 1.319573e-03 1.387587e-03
9 2.876725e-01 1.489912e-03 1.554983e-03
10 2.377003e-01 1.644296e-03 1.706734e-03
11 1.999545e-01 1.783962e-03 1.844092e-03
12 1.689613e-01 1.912029e-03 1.970154e-03
13 1.439575e-01 2.030091e-03 2.086446e-03
14 1.239019e-01 2.138854e-03 2.193524e-03
15 1.068486e-01 2.239875e-03 2.293074e-03
16 9.266616e-02 2.333763e-03 2.385698e-03
17 8.072277e-02 2.421199e-03 2.472093e-03
18 7.098307e-02 2.503220e-03 2.553254e-03
19 6.177913e-02 2.580354e-03 2.629669e-03
20 5.493556e-02 2.653182e-03 2.701859e-03
