1 9.823958e-01 5.738193e-05 5.802903e-05
2 9.558959e-01 1.085878e-04 1.466917e-04
3 8.473692e-01 3.650502e-04 4.392000e-04
4 7.052969e-01 7.017354e-04 7.874815e-04
5 5.705332e-01 1.038010e-03 1.125780e-03
6 4.600354e-01 1.347409e-03 1.433159e-03
7 3.710033e-01 1.626909e-03 1.709347e-03
8 3.040940e-01 1.875898e-03 1.954736e-03
9 2.475512e-01 2.100924e-03 2.176522e-03
10 2.042962e-01 2.302877e-03 2.375893e-03
11 1.698560e-01 2.486027e-03 2.556477e-03
12 1.423604e-01 2.652728e-03 2.721099e-03
13 1.208542e-01 2.806019e-03 2.872694e-03
14 1.040435e-01 2.947698e-03 3.012836e-03
15 8.978519e-02 3.079267e-03 3.143115e-03
16 7.731615e-02 3.201337e-03 3.264013e-03
17 6.717210e-02 3.315407e-03 3.377120e-03
18 5.877685e-02 3.422759e-03 3.483592e-03
19 5.152388e-02 3.523744e-03 3.583806e-03
20 4.524134e-02 3.619268e-03 3.678668e-03
