1 9.819864e-01 5.366044e-05 5.447353e-05
2 9.533030e-01 1.063304e-04 1.448875e-04
3 8.394693e-01 3.505920e-04 4.243457e-04
4 6.961132e-01 6.637152e-04 7.487250e-04
5 5.633965e-01 9.740089e-04 1.060779e-03
6 4.505332e-01 1.259244e-03 1.344291e-03
7 3.640182e-01 1.513962e-03 1.596190e-03
8 2.961638e-01 1.743254e-03 1.822613e-03
9 2.419308e-01 1.950097e-03 2.026723e-03
10 1.988880e-01 2.136870e-03 2.210909e-03
11 1.667880e-01 2.304609e-03 2.376475e-03
12 1.390447e-01 2.458052e-03 2.528119e-03
13 1.180187e-01 2.598824e-03 2.667344e-03
14 1.018650e-01 2.728858e-03 2.795933e-03
15 8.713167e-02 2.850030e-03 2.915875e-03
16 7.521355e-02 2.962924e-03 3.027896e-03
17 6.532727e-02 3.068265e-03 3.132398e-03
18 5.669447e-02 3.167434e-03 3.230899e-03
19 4.945666e-02 3.261299e-03 3.324188e-03
20 4.339146e-02 3.349761e-03 3.412242e-03
