1 9.776801e-01 4.370763e-05 4.452424e-05
2 9.410766e-01 8.330089e-05 1.163263e-04
3 8.114733e-01 2.531305e-04 3.149023e-04
4 6.570786e-01 4.622038e-04 5.324585e-04
5 5.209603e-01 6.639967e-04 7.358824e-04
6 4.142886e-01 8.468456e-04 9.174143e-04
7 3.332878e-01 1.010071e-03 1.078776e-03
8 2.705737e-01 1.155267e-03 1.221766e-03
9 2.225019e-01 1.285198e-03 1.349831e-03
10 1.859338e-01 1.402520e-03 1.465600e-03
11 1.571443e-01 1.510154e-03 1.571843e-03
12 1.340510e-01 1.608901e-03 1.669402e-03
13 1.156229e-01 1.700205e-03 1.759577e-03
14 1.009957e-01 1.784544e-03 1.843019e-03
15 8.894617e-02 1.863212e-03 1.921014e-03
16 7.878191e-02 1.937307e-03 1.994403e-03
17 6.943644e-02 2.007085e-03 2.063571e-03
18 6.179429e-02 2.072636e-03 2.128620e-03
19 5.512762e-02 2.134561e-03 2.190114e-03
20 4.984079e-02 2.193316e-03 2.248529e-03
