1 9.760930e-01 7.557275e-05 7.563764e-05
2 9.597220e-01 8.964343e-05 1.074000e-04
3 8.701744e-01 2.585636e-04 3.160781e-04
4 7.351024e-01 5.219136e-04 5.923332e-04
5 6.026080e-01 7.939977e-04 8.678693e-04
6 4.891281e-01 1.049981e-03 1.122667e-03
7 3.963255e-01 1.282674e-03 1.352578e-03
8 3.253930e-01 1.492809e-03 1.559346e-03
9 2.690473e-01 1.681533e-03 1.744712e-03
10 2.242355e-01 1.852260e-03 1.912214e-03
11 1.890169e-01 2.007732e-03 2.064825e-03
12 1.589335e-01 2.150407e-03 2.204828e-03
13 1.373465e-01 2.280876e-03 2.332916e-03
14 1.175284e-01 2.401433e-03 2.451301e-03
15 1.018398e-01 2.513702e-03 2.561644e-03
16 8.922416e-02 2.618482e-03 2.664656e-03
17 7.946929e-02 2.716442e-03 2.761015e-03
18 7.089209e-02 2.808424e-03 2.851500e-03
19 6.388173e-02 2.894839e-03 2.936641e-03
20 5.687642e-02 2.976468e-03 3.017118e-03
