1 9.825171e-01 6.111808e-05 6.174130e-05
2 9.558049e-01 1.133776e-04 1.548653e-04
3 8.457923e-01 3.760708e-04 4.567834e-04
4 7.030882e-01 7.197362e-04 8.121667e-04
5 5.714531e-01 1.062085e-03 1.156022e-03
6 4.603538e-01 1.379039e-03 1.471392e-03
7 3.722871e-01 1.665014e-03 1.754077e-03
8 3.016275e-01 1.921121e-03 2.006300e-03
9 2.473692e-01 2.149581e-03 2.231350e-03
10 2.048522e-01 2.356568e-03 2.435132e-03
11 1.699166e-01 2.544665e-03 2.620275e-03
12 1.431236e-01 2.715591e-03 2.788972e-03
13 1.220369e-01 2.873199e-03 2.944574e-03
14 1.044882e-01 3.019469e-03 3.089097e-03
15 9.000758e-02 3.155082e-03 3.223197e-03
16 7.853930e-02 3.281251e-03 3.348149e-03
17 6.841041e-02 3.399375e-03 3.465220e-03
18 6.056103e-02 3.510514e-03 3.575377e-03
19 5.346980e-02 3.615457e-03 3.679378e-03
20 4.665150e-02 3.714317e-03 3.777513e-03
