1 9.830933e-01 5.170149e-05 5.254864e-05
2 9.542077e-01 1.066226e-04 1.438247e-04
3 8.349962e-01 3.554877e-04 4.261355e-04
4 6.877281e-01 6.685474e-04 7.498119e-04
5 5.552793e-01 9.767060e-04 1.059972e-03
6 4.480010e-01 1.259950e-03 1.341529e-03
7 3.576245e-01 1.514592e-03 1.592952e-03
8 2.905332e-01 1.740543e-03 1.815866e-03
9 2.356381e-01 1.943946e-03 2.016177e-03
10 1.935810e-01 2.126458e-03 2.196283e-03
11 1.615719e-01 2.291823e-03 2.359859e-03
12 1.357796e-01 2.443146e-03 2.509585e-03
13 1.146171e-01 2.581813e-03 2.646746e-03
14 9.835734e-02 2.710111e-03 2.773676e-03
15 8.438716e-02 2.829085e-03 2.891536e-03
16 7.292393e-02 2.939763e-03 3.001330e-03
17 6.318423e-02 3.043224e-03 3.104001e-03
18 5.572403e-02 3.140878e-03 3.200902e-03
19 4.927470e-02 3.233457e-03 3.292892e-03
20 4.362396e-02 3.320873e-03 3.379763e-03
