1 9.813293e-01 7.704652e-05 7.710963e-05
2 9.709780e-01 8.879578e-05 1.043212e-04
3 8.979682e-01 2.799149e-04 3.339359e-04
4 7.814556e-01 5.999970e-04 6.694878e-04
5 6.575638e-01 9.490524e-04 1.023735e-03
6 5.446652e-01 1.286617e-03 1.360939e-03
7 4.495375e-01 1.599191e-03 1.671111e-03
8 3.718726e-01 1.884914e-03 1.953123e-03
9 3.079960e-01 2.143003e-03 2.207107e-03
10 2.582108e-01 2.377407e-03 2.438050e-03
11 2.164822e-01 2.590973e-03 2.648350e-03
12 1.824109e-01 2.786664e-03 2.841005e-03
13 1.555471e-01 2.966131e-03 3.017580e-03
14 1.336012e-01 3.132212e-03 3.181047e-03
15 1.147384e-01 3.286431e-03 3.332923e-03
16 9.970179e-02 3.429963e-03 3.474511e-03
17 8.758656e-02 3.563635e-03 3.606337e-03
18 7.691686e-02 3.689251e-03 3.730225e-03
19 6.774324e-02 3.808013e-03 3.847367e-03
20 5.935810e-02 3.919857e-03 3.957770e-03
