1 9.842507e-01 4.510880e-05 4.588117e-05
2 9.671266e-01 7.306683e-05 1.133958e-04
3 8.808390e-01 2.506904e-04 3.232774e-04
4 7.592368e-01 5.102912e-04 5.932946e-04
5 6.348496e-01 7.833737e-04 8.681286e-04
6 5.235936e-01 1.044315e-03 1.127470e-03
7 4.308769e-01 1.284450e-03 1.364458e-03
8 3.567703e-01 1.502570e-03 1.578746e-03
9 2.937630e-01 1.700652e-03 1.773155e-03
10 2.459540e-01 1.879603e-03 1.948918e-03
11 2.058782e-01 2.042323e-03 2.108709e-03
12 1.739196e-01 2.189833e-03 2.253880e-03
13 1.480061e-01 2.325632e-03 2.387558e-03
14 1.270407e-01 2.450843e-03 2.510956e-03
15 1.095375e-01 2.567406e-03 2.625734e-03
16 9.486985e-02 2.676625e-03 2.733281e-03
17 8.382108e-02 2.778960e-03 2.834195e-03
18 7.418246e-02 2.874978e-03 2.928933e-03
19 6.458934e-02 2.965232e-03 3.018077e-03
20 5.717463e-02 3.050128e-03 3.101977e-03
