1 9.795704e-01 4.620675e-05 4.714316e-05
2 9.453273e-01 8.843942e-05 1.271272e-04
3 8.197675e-01 2.724159e-04 3.432240e-04
4 6.687036e-01 5.030472e-04 5.841801e-04
5 5.345514e-01 7.271935e-04 8.097104e-04
6 4.262219e-01 9.308867e-04 1.011742e-03
7 3.433712e-01 1.113584e-03 1.191955e-03
8 2.814556e-01 1.276241e-03 1.352224e-03
9 2.326561e-01 1.423160e-03 1.496938e-03
10 1.947031e-01 1.556505e-03 1.628218e-03
11 1.651807e-01 1.678309e-03 1.748346e-03
12 1.428102e-01 1.789630e-03 1.858355e-03
13 1.218499e-01 1.893098e-03 1.960720e-03
14 1.061309e-01 1.988331e-03 2.055009e-03
15 9.289361e-02 2.077658e-03 2.143456e-03
16 8.140005e-02 2.161811e-03 2.226894e-03
17 7.230730e-02 2.240667e-03 2.305171e-03
18 6.485216e-02 2.314818e-03 2.378897e-03
19 5.806924e-02 2.384874e-03 2.448643e-03
20 5.262573e-02 2.451374e-03 2.514880e-03
