1 9.779732e-01 4.884924e-05 4.967676e-05
2 9.435077e-01 8.986821e-05 1.259406e-04
3 8.158504e-01 2.723049e-04 3.415005e-04
4 6.629366e-01 4.997337e-04 5.781921e-04
5 5.284306e-01 7.210529e-04 8.011513e-04
6 4.237705e-01 9.216891e-04 1.000293e-03
7 3.397271e-01 1.101494e-03 1.177752e-03
8 2.780895e-01 1.262657e-03 1.336446e-03
9 2.299469e-01 1.407231e-03 1.478796e-03
10 1.919586e-01 1.538049e-03 1.607736e-03
11 1.630831e-01 1.657609e-03 1.725756e-03
12 1.382815e-01 1.767863e-03 1.834676e-03
13 1.206217e-01 1.869029e-03 1.934673e-03
14 1.053980e-01 1.963303e-03 2.027964e-03
15 9.244377e-02 2.051162e-03 2.114974e-03
16 8.137983e-02 2.133577e-03 2.196647e-03
17 7.186758e-02 2.211129e-03 2.273661e-03
18 6.420521e-02 2.284410e-03 2.346513e-03
19 5.688148e-02 2.353484e-03 2.415202e-03
20 5.076068e-02 2.418690e-03 2.480100e-03
