1 9.775588e-01 4.596043e-05 4.675404e-05
2 9.440738e-01 8.781841e-05 1.223889e-04
3 8.156785e-01 2.696043e-04 3.342598e-04
4 6.611878e-01 4.956796e-04 5.698857e-04
5 5.262876e-01 7.135948e-04 7.893351e-04
6 4.203942e-01 9.120091e-04 9.861964e-04
7 3.384079e-01 1.088609e-03 1.160532e-03
8 2.751579e-01 1.246859e-03 1.316484e-03
9 2.257872e-01 1.388458e-03 1.456018e-03
10 1.880313e-01 1.517104e-03 1.582735e-03
11 1.581653e-01 1.633653e-03 1.697771e-03
12 1.347789e-01 1.740059e-03 1.802703e-03
13 1.156128e-01 1.838025e-03 1.899394e-03
14 1.014708e-01 1.928856e-03 1.989299e-03
15 8.959313e-02 2.014172e-03 2.073858e-03
16 7.866060e-02 2.094185e-03 2.153234e-03
17 6.968916e-02 2.169894e-03 2.228404e-03
18 6.213798e-02 2.241320e-03 2.299296e-03
19 5.548143e-02 2.308724e-03 2.366255e-03
20 4.932019e-02 2.373194e-03 2.430330e-03
