1 9.807834e-01 4.716808e-05 4.827900e-05
2 9.568764e-01 7.369246e-05 1.140069e-04
3 8.576598e-01 2.229000e-04 2.983627e-04
4 7.229113e-01 4.353173e-04 5.213786e-04
5 5.883952e-01 6.524293e-04 7.403374e-04
6 4.795957e-01 8.539177e-04 9.400257e-04
7 3.909376e-01 1.037913e-03 1.121128e-03
8 3.213293e-01 1.204017e-03 1.284081e-03
9 2.679808e-01 1.354207e-03 1.431219e-03
10 2.250948e-01 1.490967e-03 1.565408e-03
11 1.910740e-01 1.615057e-03 1.687225e-03
12 1.641344e-01 1.729425e-03 1.799474e-03
13 1.414607e-01 1.835502e-03 1.903740e-03
14 1.241799e-01 1.933534e-03 2.000133e-03
15 1.086328e-01 2.024904e-03 2.089942e-03
16 9.681577e-02 2.110670e-03 2.174338e-03
17 8.686379e-02 2.191099e-03 2.253584e-03
18 7.760425e-02 2.266694e-03 2.328097e-03
19 6.913824e-02 2.338454e-03 2.398941e-03
20 6.235027e-02 2.405898e-03 2.465569e-03
