1 9.802881e-01 3.903164e-05 4.029515e-05
2 9.569169e-01 5.909741e-05 9.399140e-05
3 8.627748e-01 1.739214e-04 2.370649e-04
4 7.274501e-01 3.408827e-04 4.117196e-04
5 5.979732e-01 5.124955e-04 5.848134e-04
6 4.871822e-01 6.736183e-04 7.445845e-04
7 4.004498e-01 8.207152e-04 8.892288e-04
8 3.296942e-01 9.537114e-04 1.019701e-03
9 2.748244e-01 1.073773e-03 1.137448e-03
10 2.303058e-01 1.183221e-03 1.244888e-03
11 1.977357e-01 1.282819e-03 1.342700e-03
12 1.688552e-01 1.374425e-03 1.432726e-03
13 1.454182e-01 1.458876e-03 1.515826e-03
14 1.264948e-01 1.536935e-03 1.592713e-03
15 1.112661e-01 1.610025e-03 1.664721e-03
16 9.874147e-02 1.678376e-03 1.732034e-03
17 8.810210e-02 1.742928e-03 1.795685e-03
18 7.911044e-02 1.803341e-03 1.855334e-03
19 7.122568e-02 1.860619e-03 1.911875e-03
20 6.376548e-02 1.914955e-03 1.965625e-03
