1 9.657872e-01 2.224988e-05 2.226681e-05
2 9.662871e-01 2.238387e-05 2.277946e-05
3 9.478963e-01 3.040442e-05 3.673457e-05
4 8.759424e-01 7.012459e-05 8.215181e-05
5 7.806450e-01 1.246772e-04 1.377948e-04
6 6.871826e-01 1.807746e-04 1.930034e-04
7 6.090608e-01 2.318694e-04 2.419712e-04
8 5.425173e-01 2.745633e-04 2.821801e-04
9 4.916371e-01 3.077574e-04 3.132317e-04
10 4.693281e-01 3.211681e-04 3.256462e-04
11 4.413382e-01 3.419991e-04 3.451560e-04
12 4.194476e-01 3.573603e-04 3.595898e-04
13 4.102457e-01 3.726792e-04 3.741131e-04
14 4.072988e-01 3.784574e-04 3.795555e-04
15 4.171185e-01 3.824238e-04 3.832997e-04
16 4.237624e-01 3.853655e-04 3.860965e-04
17 4.514436e-01 3.883176e-04 3.889215e-04
18 4.566038e-01 3.918238e-04 3.922619e-04
19 3.200000e-01 3.942837e-04 3.945251e-04
20 3.793103e-01 4.010223e-04 4.010429e-04
